INSERT INTO InterimGrades(GradeID,StudentID,CourseID , Type, Percentage, Val)
VALUES
(1,1,11,'final',45,53),
(2,1,11,'midterm',25,85),
(3,1,11,'assigments',10,80),
(4,1,11,'quiz',20,98),
(5,1,12,'final',45,40),
(6,1,12,'midterm',25,94),
(7,1,12,'assigments',10,62),
(8,1,12,'quiz',20,95),
(9,1,13,'final',45,78),
(10,1,13,'midterm',25,10),
(11,1,13,'assigments',10,5),
(12,1,13,'quiz',20,73),
(13,1,14,'final',45,82),
(14,1,14,'midterm',25,18),
(15,1,14,'assigments',10,31),
(16,1,14,'quiz',20,80),
(17,1,15,'final',45,66),
(18,1,15,'midterm',25,73),
(19,1,15,'assigments',10,40),
(20,1,15,'quiz',20,36),
(21,2,11,'final',45,48),
(22,2,11,'midterm',25,76),
(23,2,11,'assigments',10,15),
(24,2,11,'quiz',20,57),
(25,2,12,'final',45,91),
(26,2,12,'midterm',25,90),
(27,2,12,'assigments',10,24),
(28,2,12,'quiz',20,90),
(29,2,13,'final',45,1),
(30,2,13,'midterm',25,99),
(31,2,13,'assigments',10,22),
(32,2,13,'quiz',20,48),
(33,2,14,'final',45,1),
(34,2,14,'midterm',25,82),
(35,2,14,'assigments',10,71),
(36,2,14,'quiz',20,49),
(37,2,15,'final',45,68),
(38,2,15,'midterm',25,90),
(39,2,15,'assigments',10,44),
(40,2,15,'quiz',20,92),
(41,3,11,'final',45,53),
(42,3,11,'midterm',25,64),
(43,3,11,'assigments',10,10),
(44,3,11,'quiz',20,25),
(45,3,12,'final',45,83),
(46,3,12,'midterm',25,65),
(47,3,12,'assigments',10,76),
(48,3,12,'quiz',20,100),
(49,3,13,'final',45,36),
(50,3,13,'midterm',25,76),
(51,3,13,'assigments',10,43),
(52,3,13,'quiz',20,28),
(53,3,14,'final',45,8),
(54,3,14,'midterm',25,78),
(55,3,14,'assigments',10,19),
(56,3,14,'quiz',20,88),
(57,3,15,'final',45,43),
(58,3,15,'midterm',25,96),
(59,3,15,'assigments',10,5),
(60,3,15,'quiz',20,5),
(61,4,11,'final',45,31),
(62,4,11,'midterm',25,1),
(63,4,11,'assigments',10,75),
(64,4,11,'quiz',20,40),
(65,4,12,'final',45,82),
(66,4,12,'midterm',25,69),
(67,4,12,'assigments',10,46),
(68,4,12,'quiz',20,65),
(69,4,13,'final',45,55),
(70,4,13,'midterm',25,56),
(71,4,13,'assigments',10,19),
(72,4,13,'quiz',20,67),
(73,4,14,'final',45,97),
(74,4,14,'midterm',25,43),
(75,4,14,'assigments',10,34),
(76,4,14,'quiz',20,4),
(77,4,15,'final',45,23),
(78,4,15,'midterm',25,52),
(79,4,15,'assigments',10,92),
(80,4,15,'quiz',20,85),
(81,5,11,'final',45,16),
(82,5,11,'midterm',25,4),
(83,5,11,'assigments',10,22),
(84,5,11,'quiz',20,11),
(85,5,12,'final',45,92),
(86,5,12,'midterm',25,62),
(87,5,12,'assigments',10,2),
(88,5,12,'quiz',20,93),
(89,5,13,'final',45,52),
(90,5,13,'midterm',25,80),
(91,5,13,'assigments',10,67),
(92,5,13,'quiz',20,77),
(93,5,14,'final',45,17),
(94,5,14,'midterm',25,70),
(95,5,14,'assigments',10,9),
(96,5,14,'quiz',20,16),
(97,5,15,'final',45,85),
(98,5,15,'midterm',25,93),
(99,5,15,'assigments',10,35),
(100,5,15,'quiz',20,91),
(101,21,11,'final',45,93),
(102,21,11,'midterm',25,65),
(103,21,11,'assigments',10,67),
(104,21,11,'quiz',20,66),
(105,21,12,'final',45,32),
(106,21,12,'midterm',25,0),
(107,21,12,'assigments',10,40),
(108,21,12,'quiz',20,87),
(109,21,13,'final',45,16),
(110,21,13,'midterm',25,98),
(111,21,13,'assigments',10,7),
(112,21,13,'quiz',20,16),
(113,21,14,'final',45,77),
(114,21,14,'midterm',25,52),
(115,21,14,'assigments',10,73),
(116,21,14,'quiz',20,6),
(117,21,15,'final',45,63),
(118,21,15,'midterm',25,50),
(119,21,15,'assigments',10,73),
(120,21,15,'quiz',20,85),
;